seversion >= 28.0
/Users/Don/Desktop/Learning_Exercise/SEAndroid/Pixel/system_etc_selinux/selinux/plat_sepolicy.cil /Users/Don/Desktop/Learning_Exercise/SEAndroid/Pixel/vendor_etc_selinux/selinux/vendor_sepolicy.cil /Users/Don/Desktop/Learning_Exercise/SEAndroid/Pixel/system_etc_selinux/selinux/mapping/28.0.cil
In file [plat_sepolicy.cil]
allow_rules: 6044
In file [vendor_sepolicy.cil]
allow_rules: 1598
In file [28.0.cil]
No neverallow rules in this file
allow_rules: 0
No typetransition in this file
In file [plat_pub_versioned.cil]
allow_rules: 3518
No typetransition in this file
finegrained neverallow:5780653
1315
target_rule: ('isolated_app','app_data_file','dir',['getattr'])
traceur_app
[1, 0, 1, 1, 0, 0, 0, 0, 0, 0]
untrusted_app_25
[1, 0, 1, 1, 1, 1, 1, 0, 0, 0]
secure_element
[1, 0, 1, 1, 0, 0, 0, 1, 0, 1]
con_monitor_app
[1, 0, 0, 1, 0, 0, 0, 0, 0, 0]
ephemeral_app
[1, 0, 1, 1, 0, 1, 0, 0, 0, 0]
qcneservice
[1, 0, 1, 1, 0, 1, 0, 0, 0, 0]
nfc
[1, 0, 1, 1, 0, 1, 0, 1, 0, 1]
secure_element
[1, 0, 1, 1, 0, 0, 0, 1, 0, 1]
hardware_info_app
[1, 0, 0, 1, 0, 0, 0, 0, 0, 0]
untrusted_app_27
[1, 0, 1, 1, 1, 1, 1, 0, 0, 0]
platform_app
[1, 0, 1, 1, 0, 1, 1, 0, 0, 0]
mediaprovider
[1, 0, 1, 1, 0, 1, 0, 0, 0, 0]
untrusted_v2_app
[1, 0, 1, 1, 0, 1, 1, 0, 0, 0]
wfc_activation_app
[1, 0, 1, 1, 0, 1, 0, 0, 0, 0]
ramdump_app
[1, 0, 0, 1, 0, 0, 0, 0, 0, 0]
su
[1, 1, 1, 1, 0, 1, 0, 0, 0, 1]
system_app
[1, 0, 1, 1, 0, 1, 0, 1, 0, 0]
shell
[1, 1, 1, 1, 0, 1, 0, 0, 0, 0]
shared_relro
[1, 0, 1, 1, 0, 0, 0, 0, 0, 0]
ssr_detector
[1, 0, 0, 1, 0, 0, 0, 0, 0, 0]
bluetooth
[1, 0, 1, 1, 0, 1, 0, 0, 0, 1]
untrusted_app
[1, 0, 1, 1, 1, 1, 1, 0, 0, 0]
shell
[1, 1, 1, 1, 0, 1, 0, 0, 0, 0]
profman
[1, 0, 1, 0, 0, 0, 0, 0, 0, 0]
untrusted_app
[1, 0, 1, 1, 1, 1, 1, 0, 0, 0]
profman
[1, 0, 1, 0, 0, 0, 0, 0, 0, 0]
untrusted_app_27
[1, 0, 1, 1, 1, 1, 1, 0, 0, 0]
untrusted_v2_app
[1, 0, 1, 1, 0, 1, 1, 0, 0, 0]
system_server
[1, 1, 1, 0, 0, 1, 1, 1, 0, 1]
shared_relro
[1, 0, 1, 1, 0, 0, 0, 0, 0, 0]
untrusted_app_25
[1, 0, 1, 1, 1, 1, 1, 0, 0, 0]
qtimeservice
[1, 0, 0, 1, 0, 0, 0, 0, 0, 0]
uncrypt
[1, 1, 1, 0, 0, 0, 0, 0, 0, 0]
logger_app
[1, 0, 0, 1, 0, 1, 0, 0, 0, 0]
wfc_activation_app
[1, 0, 1, 1, 0, 1, 0, 0, 0, 0]
qtimeservice
[1, 0, 0, 1, 0, 0, 0, 0, 0, 0]
uncrypt
[1, 1, 1, 0, 0, 0, 0, 0, 0, 0]
priv_app
[1, 0, 1, 1, 0, 1, 1, 0, 0, 0]
ephemeral_app
[1, 0, 1, 1, 0, 1, 0, 0, 0, 0]
google_camera_app
[1, 0, 1, 1, 0, 1, 0, 0, 0, 0]
qtelephony
[1, 0, 1, 1, 0, 0, 0, 0, 0, 0]
bluetooth
[1, 0, 1, 1, 0, 1, 0, 0, 0, 1]
ramdump_app
[1, 0, 0, 1, 0, 0, 0, 0, 0, 0]
su
[1, 1, 1, 1, 0, 1, 0, 0, 0, 1]
radio
[1, 1, 1, 1, 0, 1, 1, 1, 0, 1]
radio
[1, 1, 1, 1, 0, 1, 1, 1, 0, 1]
qtelephony
[1, 0, 1, 1, 0, 0, 0, 0, 0, 0]
traceur_app
[1, 0, 1, 1, 0, 0, 0, 0, 0, 0]
logger_app
[1, 0, 0, 1, 0, 1, 0, 0, 0, 0]
installd
[1, 1, 1, 0, 0, 0, 0, 0, 0, 0]
qcneservice
[1, 0, 1, 1, 0, 1, 0, 0, 0, 0]
runas
[1, 1, 1, 0, 0, 0, 0, 0, 0, 0]
dexoptanalyzer
[1, 1, 1, 0, 0, 0, 0, 0, 0, 0]
ssr_detector
[1, 0, 0, 1, 0, 0, 0, 0, 0, 0]
google_camera_app
[1, 0, 1, 1, 0, 1, 0, 0, 0, 0]
runas
[1, 1, 1, 0, 0, 0, 0, 0, 0, 0]
hardware_info_app
[1, 0, 0, 1, 0, 0, 0, 0, 0, 0]
platform_app
[1, 0, 1, 1, 0, 1, 1, 0, 0, 0]
mediaprovider
[1, 0, 1, 1, 0, 1, 0, 0, 0, 0]
nfc
[1, 0, 1, 1, 0, 1, 0, 1, 0, 1]
installd
[1, 1, 1, 0, 0, 0, 0, 0, 0, 0]
priv_app
[1, 0, 1, 1, 0, 1, 1, 0, 0, 0]
con_monitor_app
[1, 0, 0, 1, 0, 0, 0, 0, 0, 0]
system_app
[1, 0, 1, 1, 0, 1, 0, 1, 0, 0]
system_app
[1, 0, 1, 1, 0, 1, 0, 1, 0, 0]
system_app
[1, 0, 1, 1, 0, 1, 0, 1, 0, 0]
system_app
[1, 0, 1, 1, 0, 1, 0, 1, 0, 0]
system_app
[1, 0, 1, 1, 0, 1, 0, 1, 0, 0]
system_app
[1, 0, 1, 1, 0, 1, 0, 1, 0, 0]
system_app
[1, 0, 1, 1, 0, 1, 0, 1, 0, 0]
system_app
[1, 0, 1, 1, 0, 1, 0, 1, 0, 0]
system_app
[1, 0, 1, 1, 0, 1, 0, 1, 0, 0]
system_app
[1, 0, 1, 1, 0, 1, 0, 1, 0, 0]
system_app
[1, 0, 1, 1, 0, 1, 0, 1, 0, 0]
system_app
[1, 0, 1, 1, 0, 1, 0, 1, 0, 0]
system_app
[1, 0, 1, 1, 0, 1, 0, 1, 0, 0]
system_app
[1, 0, 1, 1, 0, 1, 0, 1, 0, 0]
system_app
[1, 0, 1, 1, 0, 1, 0, 1, 0, 0]
system_app
[1, 0, 1, 1, 0, 1, 0, 1, 0, 0]
system_app
[1, 0, 1, 1, 0, 1, 0, 1, 0, 0]
system_app
[1, 0, 1, 1, 0, 1, 0, 1, 0, 0]
system_app
[1, 0, 1, 1, 0, 1, 0, 1, 0, 0]
system_app
[1, 0, 1, 1, 0, 1, 0, 1, 0, 0]
system_app
[1, 0, 1, 1, 0, 1, 0, 1, 0, 0]
system_app
[1, 0, 1, 1, 0, 1, 0, 1, 0, 0]
system_app
[1, 0, 1, 1, 0, 1, 0, 1, 0, 0]
system_app
[1, 0, 1, 1, 0, 1, 0, 1, 0, 0]
system_app
[1, 0, 1, 1, 0, 1, 0, 1, 0, 0]
system_app
[1, 0, 1, 1, 0, 1, 0, 1, 0, 0]
system_app
[1, 0, 1, 1, 0, 1, 0, 1, 0, 0]
system_app
[1, 0, 1, 1, 0, 1, 0, 1, 0, 0]
system_app
[1, 0, 1, 1, 0, 1, 0, 1, 0, 0]
system_app
[1, 0, 1, 1, 0, 1, 0, 1, 0, 0]
system_app
[1, 0, 1, 1, 0, 1, 0, 1, 0, 0]
system_app
[1, 0, 1, 1, 0, 1, 0, 1, 0, 0]
system_app
[1, 0, 1, 1, 0, 1, 0, 1, 0, 0]
system_app
[1, 0, 1, 1, 0, 1, 0, 1, 0, 0]
system_app
[1, 0, 1, 1, 0, 1, 0, 1, 0, 0]
system_app
[1, 0, 1, 1, 0, 1, 0, 1, 0, 0]
system_app
[1, 0, 1, 1, 0, 1, 0, 1, 0, 0]
system_app
[1, 0, 1, 1, 0, 1, 0, 1, 0, 0]
system_app
[1, 0, 1, 1, 0, 1, 0, 1, 0, 0]
system_app
[1, 0, 1, 1, 0, 1, 0, 1, 0, 0]
system_app
[1, 0, 1, 1, 0, 1, 0, 1, 0, 0]
system_app
[1, 0, 1, 1, 0, 1, 0, 1, 0, 0]
system_app
[1, 0, 1, 1, 0, 1, 0, 1, 0, 0]
system_app
[1, 0, 1, 1, 0, 1, 0, 1, 0, 0]
system_app
[1, 0, 1, 1, 0, 1, 0, 1, 0, 0]
system_app
[1, 0, 1, 1, 0, 1, 0, 1, 0, 0]
system_app
[1, 0, 1, 1, 0, 1, 0, 1, 0, 0]
system_app
[1, 0, 1, 1, 0, 1, 0, 1, 0, 0]
system_app
[1, 0, 1, 1, 0, 1, 0, 1, 0, 0]
system_app
[1, 0, 1, 1, 0, 1, 0, 1, 0, 0]
system_app
[1, 0, 1, 1, 0, 1, 0, 1, 0, 0]
system_app
[1, 0, 1, 1, 0, 1, 0, 1, 0, 0]
system_app
[1, 0, 1, 1, 0, 1, 0, 1, 0, 0]
system_app
[1, 0, 1, 1, 0, 1, 0, 1, 0, 0]
system_app
[1, 0, 1, 1, 0, 1, 0, 1, 0, 0]
system_app
[1, 0, 1, 1, 0, 1, 0, 1, 0, 0]
system_app
[1, 0, 1, 1, 0, 1, 0, 1, 0, 0]
system_app
[1, 0, 1, 1, 0, 1, 0, 1, 0, 0]
system_app
[1, 0, 1, 1, 0, 1, 0, 1, 0, 0]
system_app
[1, 0, 1, 1, 0, 1, 0, 1, 0, 0]
system_app
[1, 0, 1, 1, 0, 1, 0, 1, 0, 0]
system_app
[1, 0, 1, 1, 0, 1, 0, 1, 0, 0]
system_app
[1, 0, 1, 1, 0, 1, 0, 1, 0, 0]
system_app
[1, 0, 1, 1, 0, 1, 0, 1, 0, 0]
system_app
[1, 0, 1, 1, 0, 1, 0, 1, 0, 0]
system_app
[1, 0, 1, 1, 0, 1, 0, 1, 0, 0]
system_app
[1, 0, 1, 1, 0, 1, 0, 1, 0, 0]
system_app
[1, 0, 1, 1, 0, 1, 0, 1, 0, 0]
system_app
[1, 0, 1, 1, 0, 1, 0, 1, 0, 0]
system_app
[1, 0, 1, 1, 0, 1, 0, 1, 0, 0]
system_app
[1, 0, 1, 1, 0, 1, 0, 1, 0, 0]
system_app
[1, 0, 1, 1, 0, 1, 0, 1, 0, 0]
system_app
[1, 0, 1, 1, 0, 1, 0, 1, 0, 0]
system_app
[1, 0, 1, 1, 0, 1, 0, 1, 0, 0]
system_app
[1, 0, 1, 1, 0, 1, 0, 1, 0, 0]
system_app
[1, 0, 1, 1, 0, 1, 0, 1, 0, 0]
system_app
[1, 0, 1, 1, 0, 1, 0, 1, 0, 0]
system_app
[1, 0, 1, 1, 0, 1, 0, 1, 0, 0]
system_app
[1, 0, 1, 1, 0, 1, 0, 1, 0, 0]
system_app
[1, 0, 1, 1, 0, 1, 0, 1, 0, 0]
system_app
[1, 0, 1, 1, 0, 1, 0, 1, 0, 0]
system_app
[1, 0, 1, 1, 0, 1, 0, 1, 0, 0]
system_app
[1, 0, 1, 1, 0, 1, 0, 1, 0, 0]
system_app
[1, 0, 1, 1, 0, 1, 0, 1, 0, 0]
system_app
[1, 0, 1, 1, 0, 1, 0, 1, 0, 0]
system_app
[1, 0, 1, 1, 0, 1, 0, 1, 0, 0]
system_app
[1, 0, 1, 1, 0, 1, 0, 1, 0, 0]
system_app
[1, 0, 1, 1, 0, 1, 0, 1, 0, 0]
system_app
[1, 0, 1, 1, 0, 1, 0, 1, 0, 0]
system_app
[1, 0, 1, 1, 0, 1, 0, 1, 0, 0]
system_app
[1, 0, 1, 1, 0, 1, 0, 1, 0, 0]
system_app
[1, 0, 1, 1, 0, 1, 0, 1, 0, 0]
system_app
[1, 0, 1, 1, 0, 1, 0, 1, 0, 0]
system_app
[1, 0, 1, 1, 0, 1, 0, 1, 0, 0]
system_app
[1, 0, 1, 1, 0, 1, 0, 1, 0, 0]
system_app
[1, 0, 1, 1, 0, 1, 0, 1, 0, 0]
system_app
[1, 0, 1, 1, 0, 1, 0, 1, 0, 0]
system_app
[1, 0, 1, 1, 0, 1, 0, 1, 0, 0]
system_app
[1, 0, 1, 1, 0, 1, 0, 1, 0, 0]
system_app
[1, 0, 1, 1, 0, 1, 0, 1, 0, 0]
system_app
[1, 0, 1, 1, 0, 1, 0, 1, 0, 0]
system_app
[1, 0, 1, 1, 0, 1, 0, 1, 0, 0]
system_app
[1, 0, 1, 1, 0, 1, 0, 1, 0, 0]
system_app
[1, 0, 1, 1, 0, 1, 0, 1, 0, 0]
system_app
[1, 0, 1, 1, 0, 1, 0, 1, 0, 0]
system_app
[1, 0, 1, 1, 0, 1, 0, 1, 0, 0]
system_app
[1, 0, 1, 1, 0, 1, 0, 1, 0, 0]
system_app
[1, 0, 1, 1, 0, 1, 0, 1, 0, 0]
system_app
[1, 0, 1, 1, 0, 1, 0, 1, 0, 0]
system_app
[1, 0, 1, 1, 0, 1, 0, 1, 0, 0]
system_app
[1, 0, 1, 1, 0, 1, 0, 1, 0, 0]
system_app
[1, 0, 1, 1, 0, 1, 0, 1, 0, 0]
system_app
[1, 0, 1, 1, 0, 1, 0, 1, 0, 0]
system_app
[1, 0, 1, 1, 0, 1, 0, 1, 0, 0]
system_app
[1, 0, 1, 1, 0, 1, 0, 1, 0, 0]
system_app
[1, 0, 1, 1, 0, 1, 0, 1, 0, 0]
system_app
[1, 0, 1, 1, 0, 1, 0, 1, 0, 0]
system_app
[1, 0, 1, 1, 0, 1, 0, 1, 0, 0]
system_app
[1, 0, 1, 1, 0, 1, 0, 1, 0, 0]
system_app
[1, 0, 1, 1, 0, 1, 0, 1, 0, 0]
system_app
[1, 0, 1, 1, 0, 1, 0, 1, 0, 0]
system_app
[1, 0, 1, 1, 0, 1, 0, 1, 0, 0]
system_app
[1, 0, 1, 1, 0, 1, 0, 1, 0, 0]
system_app
[1, 0, 1, 1, 0, 1, 0, 1, 0, 0]
system_app
[1, 0, 1, 1, 0, 1, 0, 1, 0, 0]
system_app
[1, 0, 1, 1, 0, 1, 0, 1, 0, 0]
system_app
[1, 0, 1, 1, 0, 1, 0, 1, 0, 0]
system_app
[1, 0, 1, 1, 0, 1, 0, 1, 0, 0]
target_rule: ('vold','rootfs','filesystem',['remount'])
init
[1, 1, 1, 0, 0, 0, 0, 0, 0, 0]
init
[1, 1, 1, 0, 0, 0, 0, 0, 0, 0]
init
[1, 1, 1, 0, 0, 0, 0, 0, 0, 0]
init
[1, 1, 1, 0, 0, 0, 0, 0, 0, 0]
init
[1, 1, 1, 0, 0, 0, 0, 0, 0, 0]
init
[1, 1, 1, 0, 0, 0, 0, 0, 0, 0]
init
[1, 1, 1, 0, 0, 0, 0, 0, 0, 0]
init
[1, 1, 1, 0, 0, 0, 0, 0, 0, 0]
init
[1, 1, 1, 0, 0, 0, 0, 0, 0, 0]
init
[1, 1, 1, 0, 0, 0, 0, 0, 0, 0]
init
[1, 1, 1, 0, 0, 0, 0, 0, 0, 0]
init
[1, 1, 1, 0, 0, 0, 0, 0, 0, 0]
init
[1, 1, 1, 0, 0, 0, 0, 0, 0, 0]
init
[1, 1, 1, 0, 0, 0, 0, 0, 0, 0]
init
[1, 1, 1, 0, 0, 0, 0, 0, 0, 0]
init
[1, 1, 1, 0, 0, 0, 0, 0, 0, 0]
init
[1, 1, 1, 0, 0, 0, 0, 0, 0, 0]
init
[1, 1, 1, 0, 0, 0, 0, 0, 0, 0]
init
[1, 1, 1, 0, 0, 0, 0, 0, 0, 0]
init
[1, 1, 1, 0, 0, 0, 0, 0, 0, 0]
init
[1, 1, 1, 0, 0, 0, 0, 0, 0, 0]
init
[1, 1, 1, 0, 0, 0, 0, 0, 0, 0]
init
[1, 1, 1, 0, 0, 0, 0, 0, 0, 0]
init
[1, 1, 1, 0, 0, 0, 0, 0, 0, 0]
init
[1, 1, 1, 0, 0, 0, 0, 0, 0, 0]
init
[1, 1, 1, 0, 0, 0, 0, 0, 0, 0]
init
[1, 1, 1, 0, 0, 0, 0, 0, 0, 0]
init
[1, 1, 1, 0, 0, 0, 0, 0, 0, 0]
init
[1, 1, 1, 0, 0, 0, 0, 0, 0, 0]
init
[1, 1, 1, 0, 0, 0, 0, 0, 0, 0]
init
[1, 1, 1, 0, 0, 0, 0, 0, 0, 0]
init
[1, 1, 1, 0, 0, 0, 0, 0, 0, 0]
init
[1, 1, 1, 0, 0, 0, 0, 0, 0, 0]
init
[1, 1, 1, 0, 0, 0, 0, 0, 0, 0]
init
[1, 1, 1, 0, 0, 0, 0, 0, 0, 0]
init
[1, 1, 1, 0, 0, 0, 0, 0, 0, 0]
init
[1, 1, 1, 0, 0, 0, 0, 0, 0, 0]
init
[1, 1, 1, 0, 0, 0, 0, 0, 0, 0]
init
[1, 1, 1, 0, 0, 0, 0, 0, 0, 0]
init
[1, 1, 1, 0, 0, 0, 0, 0, 0, 0]
init
[1, 1, 1, 0, 0, 0, 0, 0, 0, 0]
init
[1, 1, 1, 0, 0, 0, 0, 0, 0, 0]
init
[1, 1, 1, 0, 0, 0, 0, 0, 0, 0]
init
[1, 1, 1, 0, 0, 0, 0, 0, 0, 0]
init
[1, 1, 1, 0, 0, 0, 0, 0, 0, 0]
init
[1, 1, 1, 0, 0, 0, 0, 0, 0, 0]
init
[1, 1, 1, 0, 0, 0, 0, 0, 0, 0]
init
[1, 1, 1, 0, 0, 0, 0, 0, 0, 0]
init
[1, 1, 1, 0, 0, 0, 0, 0, 0, 0]
init
[1, 1, 1, 0, 0, 0, 0, 0, 0, 0]
init
[1, 1, 1, 0, 0, 0, 0, 0, 0, 0]
init
[1, 1, 1, 0, 0, 0, 0, 0, 0, 0]
init
[1, 1, 1, 0, 0, 0, 0, 0, 0, 0]
init
[1, 1, 1, 0, 0, 0, 0, 0, 0, 0]
init
[1, 1, 1, 0, 0, 0, 0, 0, 0, 0]
init
[1, 1, 1, 0, 0, 0, 0, 0, 0, 0]
init
[1, 1, 1, 0, 0, 0, 0, 0, 0, 0]
init
[1, 1, 1, 0, 0, 0, 0, 0, 0, 0]
init
[1, 1, 1, 0, 0, 0, 0, 0, 0, 0]
init
[1, 1, 1, 0, 0, 0, 0, 0, 0, 0]
init
[1, 1, 1, 0, 0, 0, 0, 0, 0, 0]
init
[1, 1, 1, 0, 0, 0, 0, 0, 0, 0]
init
[1, 1, 1, 0, 0, 0, 0, 0, 0, 0]
init
[1, 1, 1, 0, 0, 0, 0, 0, 0, 0]
init
[1, 1, 1, 0, 0, 0, 0, 0, 0, 0]
init
[1, 1, 1, 0, 0, 0, 0, 0, 0, 0]
init
[1, 1, 1, 0, 0, 0, 0, 0, 0, 0]
init
[1, 1, 1, 0, 0, 0, 0, 0, 0, 0]
init
[1, 1, 1, 0, 0, 0, 0, 0, 0, 0]
init
[1, 1, 1, 0, 0, 0, 0, 0, 0, 0]
init
[1, 1, 1, 0, 0, 0, 0, 0, 0, 0]
init
[1, 1, 1, 0, 0, 0, 0, 0, 0, 0]
init
[1, 1, 1, 0, 0, 0, 0, 0, 0, 0]
init
[1, 1, 1, 0, 0, 0, 0, 0, 0, 0]
init
[1, 1, 1, 0, 0, 0, 0, 0, 0, 0]
init
[1, 1, 1, 0, 0, 0, 0, 0, 0, 0]
init
[1, 1, 1, 0, 0, 0, 0, 0, 0, 0]
init
[1, 1, 1, 0, 0, 0, 0, 0, 0, 0]
init
[1, 1, 1, 0, 0, 0, 0, 0, 0, 0]
init
[1, 1, 1, 0, 0, 0, 0, 0, 0, 0]
init
[1, 1, 1, 0, 0, 0, 0, 0, 0, 0]
init
[1, 1, 1, 0, 0, 0, 0, 0, 0, 0]
init
[1, 1, 1, 0, 0, 0, 0, 0, 0, 0]
init
[1, 1, 1, 0, 0, 0, 0, 0, 0, 0]
init
[1, 1, 1, 0, 0, 0, 0, 0, 0, 0]
init
[1, 1, 1, 0, 0, 0, 0, 0, 0, 0]
init
[1, 1, 1, 0, 0, 0, 0, 0, 0, 0]
init
[1, 1, 1, 0, 0, 0, 0, 0, 0, 0]
init
[1, 1, 1, 0, 0, 0, 0, 0, 0, 0]
init
[1, 1, 1, 0, 0, 0, 0, 0, 0, 0]
init
[1, 1, 1, 0, 0, 0, 0, 0, 0, 0]
init
[1, 1, 1, 0, 0, 0, 0, 0, 0, 0]
init
[1, 1, 1, 0, 0, 0, 0, 0, 0, 0]
init
[1, 1, 1, 0, 0, 0, 0, 0, 0, 0]
init
[1, 1, 1, 0, 0, 0, 0, 0, 0, 0]
init
[1, 1, 1, 0, 0, 0, 0, 0, 0, 0]
init
[1, 1, 1, 0, 0, 0, 0, 0, 0, 0]
init
[1, 1, 1, 0, 0, 0, 0, 0, 0, 0]
init
[1, 1, 1, 0, 0, 0, 0, 0, 0, 0]
init
[1, 1, 1, 0, 0, 0, 0, 0, 0, 0]
init
[1, 1, 1, 0, 0, 0, 0, 0, 0, 0]
init
[1, 1, 1, 0, 0, 0, 0, 0, 0, 0]
init
[1, 1, 1, 0, 0, 0, 0, 0, 0, 0]
init
[1, 1, 1, 0, 0, 0, 0, 0, 0, 0]
init
[1, 1, 1, 0, 0, 0, 0, 0, 0, 0]
init
[1, 1, 1, 0, 0, 0, 0, 0, 0, 0]
init
[1, 1, 1, 0, 0, 0, 0, 0, 0, 0]
init
[1, 1, 1, 0, 0, 0, 0, 0, 0, 0]
init
[1, 1, 1, 0, 0, 0, 0, 0, 0, 0]
init
[1, 1, 1, 0, 0, 0, 0, 0, 0, 0]
init
[1, 1, 1, 0, 0, 0, 0, 0, 0, 0]
init
[1, 1, 1, 0, 0, 0, 0, 0, 0, 0]
init
[1, 1, 1, 0, 0, 0, 0, 0, 0, 0]
init
[1, 1, 1, 0, 0, 0, 0, 0, 0, 0]
init
[1, 1, 1, 0, 0, 0, 0, 0, 0, 0]
init
[1, 1, 1, 0, 0, 0, 0, 0, 0, 0]
init
[1, 1, 1, 0, 0, 0, 0, 0, 0, 0]
init
[1, 1, 1, 0, 0, 0, 0, 0, 0, 0]
init
[1, 1, 1, 0, 0, 0, 0, 0, 0, 0]
init
[1, 1, 1, 0, 0, 0, 0, 0, 0, 0]
init
[1, 1, 1, 0, 0, 0, 0, 0, 0, 0]
init
[1, 1, 1, 0, 0, 0, 0, 0, 0, 0]
init
[1, 1, 1, 0, 0, 0, 0, 0, 0, 0]
init
[1, 1, 1, 0, 0, 0, 0, 0, 0, 0]
init
[1, 1, 1, 0, 0, 0, 0, 0, 0, 0]
init
[1, 1, 1, 0, 0, 0, 0, 0, 0, 0]
init
[1, 1, 1, 0, 0, 0, 0, 0, 0, 0]
init
[1, 1, 1, 0, 0, 0, 0, 0, 0, 0]
init
[1, 1, 1, 0, 0, 0, 0, 0, 0, 0]
init
[1, 1, 1, 0, 0, 0, 0, 0, 0, 0]
init
[1, 1, 1, 0, 0, 0, 0, 0, 0, 0]
init
[1, 1, 1, 0, 0, 0, 0, 0, 0, 0]
init
[1, 1, 1, 0, 0, 0, 0, 0, 0, 0]
init
[1, 1, 1, 0, 0, 0, 0, 0, 0, 0]
init
[1, 1, 1, 0, 0, 0, 0, 0, 0, 0]
init
[1, 1, 1, 0, 0, 0, 0, 0, 0, 0]
init
[1, 1, 1, 0, 0, 0, 0, 0, 0, 0]
init
[1, 1, 1, 0, 0, 0, 0, 0, 0, 0]
init
[1, 1, 1, 0, 0, 0, 0, 0, 0, 0]
init
[1, 1, 1, 0, 0, 0, 0, 0, 0, 0]
init
[1, 1, 1, 0, 0, 0, 0, 0, 0, 0]
init
[1, 1, 1, 0, 0, 0, 0, 0, 0, 0]
init
[1, 1, 1, 0, 0, 0, 0, 0, 0, 0]
init
[1, 1, 1, 0, 0, 0, 0, 0, 0, 0]
init
[1, 1, 1, 0, 0, 0, 0, 0, 0, 0]
init
[1, 1, 1, 0, 0, 0, 0, 0, 0, 0]
init
[1, 1, 1, 0, 0, 0, 0, 0, 0, 0]
init
[1, 1, 1, 0, 0, 0, 0, 0, 0, 0]
init
[1, 1, 1, 0, 0, 0, 0, 0, 0, 0]
init
[1, 1, 1, 0, 0, 0, 0, 0, 0, 0]
init
[1, 1, 1, 0, 0, 0, 0, 0, 0, 0]
init
[1, 1, 1, 0, 0, 0, 0, 0, 0, 0]
init
[1, 1, 1, 0, 0, 0, 0, 0, 0, 0]
init
[1, 1, 1, 0, 0, 0, 0, 0, 0, 0]
init
[1, 1, 1, 0, 0, 0, 0, 0, 0, 0]
init
[1, 1, 1, 0, 0, 0, 0, 0, 0, 0]
init
[1, 1, 1, 0, 0, 0, 0, 0, 0, 0]
init
[1, 1, 1, 0, 0, 0, 0, 0, 0, 0]
init
[1, 1, 1, 0, 0, 0, 0, 0, 0, 0]
init
[1, 1, 1, 0, 0, 0, 0, 0, 0, 0]
init
[1, 1, 1, 0, 0, 0, 0, 0, 0, 0]
init
[1, 1, 1, 0, 0, 0, 0, 0, 0, 0]
init
[1, 1, 1, 0, 0, 0, 0, 0, 0, 0]
init
[1, 1, 1, 0, 0, 0, 0, 0, 0, 0]
init
[1, 1, 1, 0, 0, 0, 0, 0, 0, 0]
init
[1, 1, 1, 0, 0, 0, 0, 0, 0, 0]
init
[1, 1, 1, 0, 0, 0, 0, 0, 0, 0]
init
[1, 1, 1, 0, 0, 0, 0, 0, 0, 0]
init
[1, 1, 1, 0, 0, 0, 0, 0, 0, 0]
init
[1, 1, 1, 0, 0, 0, 0, 0, 0, 0]
init
[1, 1, 1, 0, 0, 0, 0, 0, 0, 0]
init
[1, 1, 1, 0, 0, 0, 0, 0, 0, 0]
init
[1, 1, 1, 0, 0, 0, 0, 0, 0, 0]
init
[1, 1, 1, 0, 0, 0, 0, 0, 0, 0]
init
[1, 1, 1, 0, 0, 0, 0, 0, 0, 0]
init
[1, 1, 1, 0, 0, 0, 0, 0, 0, 0]
init
[1, 1, 1, 0, 0, 0, 0, 0, 0, 0]
init
[1, 1, 1, 0, 0, 0, 0, 0, 0, 0]
init
[1, 1, 1, 0, 0, 0, 0, 0, 0, 0]
init
[1, 1, 1, 0, 0, 0, 0, 0, 0, 0]
init
[1, 1, 1, 0, 0, 0, 0, 0, 0, 0]
init
[1, 1, 1, 0, 0, 0, 0, 0, 0, 0]
init
[1, 1, 1, 0, 0, 0, 0, 0, 0, 0]
init
[1, 1, 1, 0, 0, 0, 0, 0, 0, 0]
init
[1, 1, 1, 0, 0, 0, 0, 0, 0, 0]
init
[1, 1, 1, 0, 0, 0, 0, 0, 0, 0]
init
[1, 1, 1, 0, 0, 0, 0, 0, 0, 0]
init
[1, 1, 1, 0, 0, 0, 0, 0, 0, 0]
init
[1, 1, 1, 0, 0, 0, 0, 0, 0, 0]
init
[1, 1, 1, 0, 0, 0, 0, 0, 0, 0]
init
[1, 1, 1, 0, 0, 0, 0, 0, 0, 0]
init
[1, 1, 1, 0, 0, 0, 0, 0, 0, 0]
init
[1, 1, 1, 0, 0, 0, 0, 0, 0, 0]
init
[1, 1, 1, 0, 0, 0, 0, 0, 0, 0]
init
[1, 1, 1, 0, 0, 0, 0, 0, 0, 0]
init
[1, 1, 1, 0, 0, 0, 0, 0, 0, 0]
init
[1, 1, 1, 0, 0, 0, 0, 0, 0, 0]
init
[1, 1, 1, 0, 0, 0, 0, 0, 0, 0]
init
[1, 1, 1, 0, 0, 0, 0, 0, 0, 0]
init
[1, 1, 1, 0, 0, 0, 0, 0, 0, 0]
init
[1, 1, 1, 0, 0, 0, 0, 0, 0, 0]
init
[1, 1, 1, 0, 0, 0, 0, 0, 0, 0]
init
[1, 1, 1, 0, 0, 0, 0, 0, 0, 0]
init
[1, 1, 1, 0, 0, 0, 0, 0, 0, 0]
init
[1, 1, 1, 0, 0, 0, 0, 0, 0, 0]
init
[1, 1, 1, 0, 0, 0, 0, 0, 0, 0]
init
[1, 1, 1, 0, 0, 0, 0, 0, 0, 0]
init
[1, 1, 1, 0, 0, 0, 0, 0, 0, 0]
init
[1, 1, 1, 0, 0, 0, 0, 0, 0, 0]
init
[1, 1, 1, 0, 0, 0, 0, 0, 0, 0]
init
[1, 1, 1, 0, 0, 0, 0, 0, 0, 0]
init
[1, 1, 1, 0, 0, 0, 0, 0, 0, 0]
init
[1, 1, 1, 0, 0, 0, 0, 0, 0, 0]
init
[1, 1, 1, 0, 0, 0, 0, 0, 0, 0]
init
[1, 1, 1, 0, 0, 0, 0, 0, 0, 0]
init
[1, 1, 1, 0, 0, 0, 0, 0, 0, 0]
init
[1, 1, 1, 0, 0, 0, 0, 0, 0, 0]
init
[1, 1, 1, 0, 0, 0, 0, 0, 0, 0]
init
[1, 1, 1, 0, 0, 0, 0, 0, 0, 0]
init
[1, 1, 1, 0, 0, 0, 0, 0, 0, 0]
init
[1, 1, 1, 0, 0, 0, 0, 0, 0, 0]
init
[1, 1, 1, 0, 0, 0, 0, 0, 0, 0]
init
[1, 1, 1, 0, 0, 0, 0, 0, 0, 0]
init
[1, 1, 1, 0, 0, 0, 0, 0, 0, 0]
init
[1, 1, 1, 0, 0, 0, 0, 0, 0, 0]
init
[1, 1, 1, 0, 0, 0, 0, 0, 0, 0]
init
[1, 1, 1, 0, 0, 0, 0, 0, 0, 0]
init
[1, 1, 1, 0, 0, 0, 0, 0, 0, 0]
init
[1, 1, 1, 0, 0, 0, 0, 0, 0, 0]
init
[1, 1, 1, 0, 0, 0, 0, 0, 0, 0]
init
[1, 1, 1, 0, 0, 0, 0, 0, 0, 0]
init
[1, 1, 1, 0, 0, 0, 0, 0, 0, 0]
init
[1, 1, 1, 0, 0, 0, 0, 0, 0, 0]
init
[1, 1, 1, 0, 0, 0, 0, 0, 0, 0]
init
[1, 1, 1, 0, 0, 0, 0, 0, 0, 0]
init
[1, 1, 1, 0, 0, 0, 0, 0, 0, 0]
init
[1, 1, 1, 0, 0, 0, 0, 0, 0, 0]
init
[1, 1, 1, 0, 0, 0, 0, 0, 0, 0]
init
[1, 1, 1, 0, 0, 0, 0, 0, 0, 0]
init
[1, 1, 1, 0, 0, 0, 0, 0, 0, 0]
init
[1, 1, 1, 0, 0, 0, 0, 0, 0, 0]
init
[1, 1, 1, 0, 0, 0, 0, 0, 0, 0]
init
[1, 1, 1, 0, 0, 0, 0, 0, 0, 0]
init
[1, 1, 1, 0, 0, 0, 0, 0, 0, 0]
init
[1, 1, 1, 0, 0, 0, 0, 0, 0, 0]
init
[1, 1, 1, 0, 0, 0, 0, 0, 0, 0]
init
[1, 1, 1, 0, 0, 0, 0, 0, 0, 0]
init
[1, 1, 1, 0, 0, 0, 0, 0, 0, 0]
init
[1, 1, 1, 0, 0, 0, 0, 0, 0, 0]
init
[1, 1, 1, 0, 0, 0, 0, 0, 0, 0]
init
[1, 1, 1, 0, 0, 0, 0, 0, 0, 0]
init
[1, 1, 1, 0, 0, 0, 0, 0, 0, 0]
init
[1, 1, 1, 0, 0, 0, 0, 0, 0, 0]
init
[1, 1, 1, 0, 0, 0, 0, 0, 0, 0]
init
[1, 1, 1, 0, 0, 0, 0, 0, 0, 0]
init
[1, 1, 1, 0, 0, 0, 0, 0, 0, 0]
init
[1, 1, 1, 0, 0, 0, 0, 0, 0, 0]
init
[1, 1, 1, 0, 0, 0, 0, 0, 0, 0]
init
[1, 1, 1, 0, 0, 0, 0, 0, 0, 0]
init
[1, 1, 1, 0, 0, 0, 0, 0, 0, 0]
init
[1, 1, 1, 0, 0, 0, 0, 0, 0, 0]
init
[1, 1, 1, 0, 0, 0, 0, 0, 0, 0]
init
[1, 1, 1, 0, 0, 0, 0, 0, 0, 0]
init
[1, 1, 1, 0, 0, 0, 0, 0, 0, 0]
init
[1, 1, 1, 0, 0, 0, 0, 0, 0, 0]
init
[1, 1, 1, 0, 0, 0, 0, 0, 0, 0]
init
[1, 1, 1, 0, 0, 0, 0, 0, 0, 0]
init
[1, 1, 1, 0, 0, 0, 0, 0, 0, 0]
init
[1, 1, 1, 0, 0, 0, 0, 0, 0, 0]
init
[1, 1, 1, 0, 0, 0, 0, 0, 0, 0]
init
[1, 1, 1, 0, 0, 0, 0, 0, 0, 0]
init
[1, 1, 1, 0, 0, 0, 0, 0, 0, 0]
init
[1, 1, 1, 0, 0, 0, 0, 0, 0, 0]
init
[1, 1, 1, 0, 0, 0, 0, 0, 0, 0]
init
[1, 1, 1, 0, 0, 0, 0, 0, 0, 0]
init
[1, 1, 1, 0, 0, 0, 0, 0, 0, 0]
init
[1, 1, 1, 0, 0, 0, 0, 0, 0, 0]
init
[1, 1, 1, 0, 0, 0, 0, 0, 0, 0]
init
[1, 1, 1, 0, 0, 0, 0, 0, 0, 0]
init
[1, 1, 1, 0, 0, 0, 0, 0, 0, 0]
init
[1, 1, 1, 0, 0, 0, 0, 0, 0, 0]
init
[1, 1, 1, 0, 0, 0, 0, 0, 0, 0]
init
[1, 1, 1, 0, 0, 0, 0, 0, 0, 0]
init
[1, 1, 1, 0, 0, 0, 0, 0, 0, 0]
init
[1, 1, 1, 0, 0, 0, 0, 0, 0, 0]
init
[1, 1, 1, 0, 0, 0, 0, 0, 0, 0]
init
[1, 1, 1, 0, 0, 0, 0, 0, 0, 0]
init
[1, 1, 1, 0, 0, 0, 0, 0, 0, 0]
init
[1, 1, 1, 0, 0, 0, 0, 0, 0, 0]
init
[1, 1, 1, 0, 0, 0, 0, 0, 0, 0]
init
[1, 1, 1, 0, 0, 0, 0, 0, 0, 0]
init
[1, 1, 1, 0, 0, 0, 0, 0, 0, 0]
init
[1, 1, 1, 0, 0, 0, 0, 0, 0, 0]
init
[1, 1, 1, 0, 0, 0, 0, 0, 0, 0]
init
[1, 1, 1, 0, 0, 0, 0, 0, 0, 0]
init
[1, 1, 1, 0, 0, 0, 0, 0, 0, 0]
init
[1, 1, 1, 0, 0, 0, 0, 0, 0, 0]
init
[1, 1, 1, 0, 0, 0, 0, 0, 0, 0]
init
[1, 1, 1, 0, 0, 0, 0, 0, 0, 0]
init
[1, 1, 1, 0, 0, 0, 0, 0, 0, 0]
init
[1, 1, 1, 0, 0, 0, 0, 0, 0, 0]
init
[1, 1, 1, 0, 0, 0, 0, 0, 0, 0]
init
[1, 1, 1, 0, 0, 0, 0, 0, 0, 0]
init
[1, 1, 1, 0, 0, 0, 0, 0, 0, 0]
init
[1, 1, 1, 0, 0, 0, 0, 0, 0, 0]
init
[1, 1, 1, 0, 0, 0, 0, 0, 0, 0]
init
[1, 1, 1, 0, 0, 0, 0, 0, 0, 0]
init
[1, 1, 1, 0, 0, 0, 0, 0, 0, 0]
init
[1, 1, 1, 0, 0, 0, 0, 0, 0, 0]
init
[1, 1, 1, 0, 0, 0, 0, 0, 0, 0]
init
[1, 1, 1, 0, 0, 0, 0, 0, 0, 0]
init
[1, 1, 1, 0, 0, 0, 0, 0, 0, 0]
init
[1, 1, 1, 0, 0, 0, 0, 0, 0, 0]
init
[1, 1, 1, 0, 0, 0, 0, 0, 0, 0]
init
[1, 1, 1, 0, 0, 0, 0, 0, 0, 0]
init
[1, 1, 1, 0, 0, 0, 0, 0, 0, 0]
init
[1, 1, 1, 0, 0, 0, 0, 0, 0, 0]
init
[1, 1, 1, 0, 0, 0, 0, 0, 0, 0]
init
[1, 1, 1, 0, 0, 0, 0, 0, 0, 0]
init
[1, 1, 1, 0, 0, 0, 0, 0, 0, 0]
init
[1, 1, 1, 0, 0, 0, 0, 0, 0, 0]
init
[1, 1, 1, 0, 0, 0, 0, 0, 0, 0]
init
[1, 1, 1, 0, 0, 0, 0, 0, 0, 0]
init
[1, 1, 1, 0, 0, 0, 0, 0, 0, 0]
init
[1, 1, 1, 0, 0, 0, 0, 0, 0, 0]
init
[1, 1, 1, 0, 0, 0, 0, 0, 0, 0]
init
[1, 1, 1, 0, 0, 0, 0, 0, 0, 0]
init
[1, 1, 1, 0, 0, 0, 0, 0, 0, 0]
init
[1, 1, 1, 0, 0, 0, 0, 0, 0, 0]
init
[1, 1, 1, 0, 0, 0, 0, 0, 0, 0]
init
[1, 1, 1, 0, 0, 0, 0, 0, 0, 0]
init
[1, 1, 1, 0, 0, 0, 0, 0, 0, 0]
init
[1, 1, 1, 0, 0, 0, 0, 0, 0, 0]
init
[1, 1, 1, 0, 0, 0, 0, 0, 0, 0]
init
[1, 1, 1, 0, 0, 0, 0, 0, 0, 0]
init
[1, 1, 1, 0, 0, 0, 0, 0, 0, 0]
init
[1, 1, 1, 0, 0, 0, 0, 0, 0, 0]
init
[1, 1, 1, 0, 0, 0, 0, 0, 0, 0]
init
[1, 1, 1, 0, 0, 0, 0, 0, 0, 0]
init
[1, 1, 1, 0, 0, 0, 0, 0, 0, 0]
init
[1, 1, 1, 0, 0, 0, 0, 0, 0, 0]
init
[1, 1, 1, 0, 0, 0, 0, 0, 0, 0]
init
[1, 1, 1, 0, 0, 0, 0, 0, 0, 0]
init
[1, 1, 1, 0, 0, 0, 0, 0, 0, 0]
init
[1, 1, 1, 0, 0, 0, 0, 0, 0, 0]
init
[1, 1, 1, 0, 0, 0, 0, 0, 0, 0]
init
[1, 1, 1, 0, 0, 0, 0, 0, 0, 0]
init
[1, 1, 1, 0, 0, 0, 0, 0, 0, 0]
init
[1, 1, 1, 0, 0, 0, 0, 0, 0, 0]
init
[1, 1, 1, 0, 0, 0, 0, 0, 0, 0]
init
[1, 1, 1, 0, 0, 0, 0, 0, 0, 0]
init
[1, 1, 1, 0, 0, 0, 0, 0, 0, 0]
init
[1, 1, 1, 0, 0, 0, 0, 0, 0, 0]
init
[1, 1, 1, 0, 0, 0, 0, 0, 0, 0]
init
[1, 1, 1, 0, 0, 0, 0, 0, 0, 0]
init
[1, 1, 1, 0, 0, 0, 0, 0, 0, 0]
init
[1, 1, 1, 0, 0, 0, 0, 0, 0, 0]
init
[1, 1, 1, 0, 0, 0, 0, 0, 0, 0]
init
[1, 1, 1, 0, 0, 0, 0, 0, 0, 0]
init
[1, 1, 1, 0, 0, 0, 0, 0, 0, 0]
init
[1, 1, 1, 0, 0, 0, 0, 0, 0, 0]
init
[1, 1, 1, 0, 0, 0, 0, 0, 0, 0]
init
[1, 1, 1, 0, 0, 0, 0, 0, 0, 0]
init
[1, 1, 1, 0, 0, 0, 0, 0, 0, 0]
init
[1, 1, 1, 0, 0, 0, 0, 0, 0, 0]
init
[1, 1, 1, 0, 0, 0, 0, 0, 0, 0]
init
[1, 1, 1, 0, 0, 0, 0, 0, 0, 0]
init
[1, 1, 1, 0, 0, 0, 0, 0, 0, 0]
init
[1, 1, 1, 0, 0, 0, 0, 0, 0, 0]
init
[1, 1, 1, 0, 0, 0, 0, 0, 0, 0]
init
[1, 1, 1, 0, 0, 0, 0, 0, 0, 0]
init
[1, 1, 1, 0, 0, 0, 0, 0, 0, 0]
init
[1, 1, 1, 0, 0, 0, 0, 0, 0, 0]
init
[1, 1, 1, 0, 0, 0, 0, 0, 0, 0]
init
[1, 1, 1, 0, 0, 0, 0, 0, 0, 0]
init
[1, 1, 1, 0, 0, 0, 0, 0, 0, 0]
init
[1, 1, 1, 0, 0, 0, 0, 0, 0, 0]
init
[1, 1, 1, 0, 0, 0, 0, 0, 0, 0]
init
[1, 1, 1, 0, 0, 0, 0, 0, 0, 0]
init
[1, 1, 1, 0, 0, 0, 0, 0, 0, 0]
init
[1, 1, 1, 0, 0, 0, 0, 0, 0, 0]
init
[1, 1, 1, 0, 0, 0, 0, 0, 0, 0]
init
[1, 1, 1, 0, 0, 0, 0, 0, 0, 0]
init
[1, 1, 1, 0, 0, 0, 0, 0, 0, 0]
init
[1, 1, 1, 0, 0, 0, 0, 0, 0, 0]
init
[1, 1, 1, 0, 0, 0, 0, 0, 0, 0]
init
[1, 1, 1, 0, 0, 0, 0, 0, 0, 0]
init
[1, 1, 1, 0, 0, 0, 0, 0, 0, 0]
init
[1, 1, 1, 0, 0, 0, 0, 0, 0, 0]
init
[1, 1, 1, 0, 0, 0, 0, 0, 0, 0]
init
[1, 1, 1, 0, 0, 0, 0, 0, 0, 0]
init
[1, 1, 1, 0, 0, 0, 0, 0, 0, 0]
init
[1, 1, 1, 0, 0, 0, 0, 0, 0, 0]
init
[1, 1, 1, 0, 0, 0, 0, 0, 0, 0]
init
[1, 1, 1, 0, 0, 0, 0, 0, 0, 0]
init
[1, 1, 1, 0, 0, 0, 0, 0, 0, 0]
init
[1, 1, 1, 0, 0, 0, 0, 0, 0, 0]
init
[1, 1, 1, 0, 0, 0, 0, 0, 0, 0]
init
[1, 1, 1, 0, 0, 0, 0, 0, 0, 0]
init
[1, 1, 1, 0, 0, 0, 0, 0, 0, 0]
init
[1, 1, 1, 0, 0, 0, 0, 0, 0, 0]
init
[1, 1, 1, 0, 0, 0, 0, 0, 0, 0]
init
[1, 1, 1, 0, 0, 0, 0, 0, 0, 0]
init
[1, 1, 1, 0, 0, 0, 0, 0, 0, 0]
init
[1, 1, 1, 0, 0, 0, 0, 0, 0, 0]
init
[1, 1, 1, 0, 0, 0, 0, 0, 0, 0]
init
[1, 1, 1, 0, 0, 0, 0, 0, 0, 0]
init
[1, 1, 1, 0, 0, 0, 0, 0, 0, 0]
init
[1, 1, 1, 0, 0, 0, 0, 0, 0, 0]
init
[1, 1, 1, 0, 0, 0, 0, 0, 0, 0]
init
[1, 1, 1, 0, 0, 0, 0, 0, 0, 0]
init
[1, 1, 1, 0, 0, 0, 0, 0, 0, 0]
init
[1, 1, 1, 0, 0, 0, 0, 0, 0, 0]
init
[1, 1, 1, 0, 0, 0, 0, 0, 0, 0]
init
[1, 1, 1, 0, 0, 0, 0, 0, 0, 0]
init
[1, 1, 1, 0, 0, 0, 0, 0, 0, 0]
init
[1, 1, 1, 0, 0, 0, 0, 0, 0, 0]
init
[1, 1, 1, 0, 0, 0, 0, 0, 0, 0]
init
[1, 1, 1, 0, 0, 0, 0, 0, 0, 0]
init
[1, 1, 1, 0, 0, 0, 0, 0, 0, 0]
init
[1, 1, 1, 0, 0, 0, 0, 0, 0, 0]
init
[1, 1, 1, 0, 0, 0, 0, 0, 0, 0]
init
[1, 1, 1, 0, 0, 0, 0, 0, 0, 0]
init
[1, 1, 1, 0, 0, 0, 0, 0, 0, 0]
init
[1, 1, 1, 0, 0, 0, 0, 0, 0, 0]
init
[1, 1, 1, 0, 0, 0, 0, 0, 0, 0]
init
[1, 1, 1, 0, 0, 0, 0, 0, 0, 0]
init
[1, 1, 1, 0, 0, 0, 0, 0, 0, 0]
init
[1, 1, 1, 0, 0, 0, 0, 0, 0, 0]
init
[1, 1, 1, 0, 0, 0, 0, 0, 0, 0]
init
[1, 1, 1, 0, 0, 0, 0, 0, 0, 0]
init
[1, 1, 1, 0, 0, 0, 0, 0, 0, 0]
init
[1, 1, 1, 0, 0, 0, 0, 0, 0, 0]
init
[1, 1, 1, 0, 0, 0, 0, 0, 0, 0]
init
[1, 1, 1, 0, 0, 0, 0, 0, 0, 0]
init
[1, 1, 1, 0, 0, 0, 0, 0, 0, 0]
init
[1, 1, 1, 0, 0, 0, 0, 0, 0, 0]
init
[1, 1, 1, 0, 0, 0, 0, 0, 0, 0]
init
[1, 1, 1, 0, 0, 0, 0, 0, 0, 0]
init
[1, 1, 1, 0, 0, 0, 0, 0, 0, 0]
init
[1, 1, 1, 0, 0, 0, 0, 0, 0, 0]
init
[1, 1, 1, 0, 0, 0, 0, 0, 0, 0]
init
[1, 1, 1, 0, 0, 0, 0, 0, 0, 0]
init
[1, 1, 1, 0, 0, 0, 0, 0, 0, 0]
init
[1, 1, 1, 0, 0, 0, 0, 0, 0, 0]
init
[1, 1, 1, 0, 0, 0, 0, 0, 0, 0]
init
[1, 1, 1, 0, 0, 0, 0, 0, 0, 0]
init
[1, 1, 1, 0, 0, 0, 0, 0, 0, 0]
init
[1, 1, 1, 0, 0, 0, 0, 0, 0, 0]
init
[1, 1, 1, 0, 0, 0, 0, 0, 0, 0]
init
[1, 1, 1, 0, 0, 0, 0, 0, 0, 0]
init
[1, 1, 1, 0, 0, 0, 0, 0, 0, 0]
init
[1, 1, 1, 0, 0, 0, 0, 0, 0, 0]
init
[1, 1, 1, 0, 0, 0, 0, 0, 0, 0]
init
[1, 1, 1, 0, 0, 0, 0, 0, 0, 0]
init
[1, 1, 1, 0, 0, 0, 0, 0, 0, 0]
init
[1, 1, 1, 0, 0, 0, 0, 0, 0, 0]
init
[1, 1, 1, 0, 0, 0, 0, 0, 0, 0]
init
[1, 1, 1, 0, 0, 0, 0, 0, 0, 0]
init
[1, 1, 1, 0, 0, 0, 0, 0, 0, 0]
init
[1, 1, 1, 0, 0, 0, 0, 0, 0, 0]
init
[1, 1, 1, 0, 0, 0, 0, 0, 0, 0]
init
[1, 1, 1, 0, 0, 0, 0, 0, 0, 0]
init
[1, 1, 1, 0, 0, 0, 0, 0, 0, 0]
init
[1, 1, 1, 0, 0, 0, 0, 0, 0, 0]
init
[1, 1, 1, 0, 0, 0, 0, 0, 0, 0]
target_rule: ('hal_camera_default','shell_exec','file',['read', 'getattr', 'open'])
su
[1, 1, 1, 1, 0, 1, 0, 0, 0, 1]
shared_relro
[1, 0, 1, 1, 0, 0, 0, 0, 0, 0]
vold
[1, 1, 1, 0, 0, 0, 0, 0, 0, 1]
dhcp
[1, 0, 1, 0, 0, 1, 0, 0, 0, 0]
untrusted_app
[1, 0, 1, 1, 1, 1, 1, 0, 0, 0]
platform_app
[1, 0, 1, 1, 0, 1, 1, 0, 0, 0]
ssr_detector
[1, 0, 0, 1, 0, 0, 0, 0, 0, 0]
perfprofd
[1, 1, 1, 0, 0, 0, 0, 0, 0, 0]
install_recovery
[1, 0, 1, 0, 0, 0, 0, 0, 0, 0]
crash_dump
[1, 0, 1, 0, 0, 0, 0, 0, 0, 0]
move-widevine-data-sh
[1, 0, 1, 0, 0, 0, 0, 0, 0, 0]
priv_app
[1, 0, 1, 1, 0, 1, 1, 0, 0, 0]
bluetooth
[1, 0, 1, 1, 0, 1, 0, 0, 0, 1]
qtimeservice
[1, 0, 0, 1, 0, 0, 0, 0, 0, 0]
radio
[1, 1, 1, 1, 0, 1, 1, 1, 0, 1]
shell
[1, 1, 1, 1, 0, 1, 0, 0, 0, 0]
update_engine
[1, 0, 1, 0, 0, 1, 0, 0, 0, 1]
otapreopt_slot
[1, 1, 1, 0, 0, 0, 0, 0, 0, 0]
install_recovery
[1, 0, 1, 0, 0, 0, 0, 0, 0, 0]
hardware_info_app
[1, 0, 0, 1, 0, 0, 0, 0, 0, 0]
postinstall
[1, 0, 1, 0, 0, 0, 0, 0, 0, 0]
wfc_activation_app
[1, 0, 1, 1, 0, 1, 0, 0, 0, 0]
system_app
[1, 0, 1, 1, 0, 1, 0, 1, 0, 0]
ims
[1, 0, 0, 0, 0, 1, 0, 0, 0, 0]
shell
[1, 1, 1, 1, 0, 1, 0, 0, 0, 0]
untrusted_app_27
[1, 0, 1, 1, 1, 1, 1, 0, 0, 0]
statsd
[1, 1, 1, 0, 0, 0, 0, 0, 0, 1]
untrusted_app_25
[1, 0, 1, 1, 1, 1, 1, 0, 0, 0]
vold
[1, 1, 1, 0, 0, 0, 0, 0, 0, 1]
qtimeservice
[1, 0, 0, 1, 0, 0, 0, 0, 0, 0]
google_camera_app
[1, 0, 1, 1, 0, 1, 0, 0, 0, 0]
blkid
[1, 0, 1, 0, 0, 0, 0, 0, 0, 0]
ramdump_app
[1, 0, 0, 1, 0, 0, 0, 0, 0, 0]
cppreopts
[1, 1, 1, 0, 0, 0, 0, 0, 0, 0]
dumpstate
[1, 1, 1, 0, 0, 1, 0, 0, 0, 1]
qtelephony
[1, 0, 1, 1, 0, 0, 0, 0, 0, 0]
isolated_app
[1, 0, 1, 1, 0, 0, 0, 0, 0, 0]
adbd
[1, 1, 1, 0, 0, 1, 0, 0, 0, 1]
qcneservice
[1, 0, 1, 1, 0, 1, 0, 0, 0, 0]
mediaprovider
[1, 0, 1, 1, 0, 1, 0, 0, 0, 0]
con_monitor_app
[1, 0, 0, 1, 0, 0, 0, 0, 0, 0]
shell
[1, 1, 1, 1, 0, 1, 0, 0, 0, 0]
blkid_untrusted
[1, 0, 1, 0, 0, 0, 0, 0, 0, 0]
secure_element
[1, 0, 1, 1, 0, 0, 0, 1, 0, 1]
netd
[1, 1, 1, 0, 0, 1, 0, 0, 0, 0]
nfc
[1, 0, 1, 1, 0, 1, 0, 1, 0, 1]
netd
[1, 1, 1, 0, 0, 1, 0, 0, 0, 0]
platform_app
[1, 0, 1, 1, 0, 1, 1, 0, 0, 0]
vold
[1, 1, 1, 0, 0, 0, 0, 0, 0, 1]
vold_prepare_subdirs
[1, 0, 1, 0, 0, 0, 0, 0, 0, 0]
untrusted_app_25
[1, 0, 1, 1, 1, 1, 1, 0, 0, 0]
vold
[1, 1, 1, 0, 0, 0, 0, 0, 0, 1]
google_camera_app
[1, 0, 1, 1, 0, 1, 0, 0, 0, 0]
cnd
[1, 0, 0, 0, 0, 1, 0, 0, 0, 0]
ramdump_app
[1, 0, 0, 1, 0, 0, 0, 0, 0, 0]
qtelephony
[1, 0, 1, 1, 0, 0, 0, 0, 0, 0]
wfc_activation_app
[1, 0, 1, 1, 0, 1, 0, 0, 0, 0]
isolated_app
[1, 0, 1, 1, 0, 0, 0, 0, 0, 0]
mediaprovider
[1, 0, 1, 1, 0, 1, 0, 0, 0, 0]
con_monitor_app
[1, 0, 0, 1, 0, 0, 0, 0, 0, 0]
secure_element
[1, 0, 1, 1, 0, 0, 0, 1, 0, 1]
asan_extract
[1, 0, 1, 0, 0, 0, 0, 0, 0, 0]
preloads_copy
[1, 0, 1, 0, 0, 0, 0, 0, 0, 0]
shell
[1, 1, 1, 1, 0, 1, 0, 0, 0, 0]
incidentd
[1, 1, 1, 0, 0, 0, 0, 0, 0, 0]
rild
[1, 0, 0, 0, 0, 1, 0, 0, 1, 0]
su
[1, 1, 1, 1, 0, 1, 0, 0, 0, 1]
crash_dump
[1, 0, 1, 0, 0, 0, 0, 0, 0, 0]
shared_relro
[1, 0, 1, 1, 0, 0, 0, 0, 0, 0]
traceur_app
[1, 0, 1, 1, 0, 0, 0, 0, 0, 0]
cppreopts
[1, 1, 1, 0, 0, 0, 0, 0, 0, 0]
untrusted_app
[1, 0, 1, 1, 1, 1, 1, 0, 0, 0]
ssr_detector
[1, 0, 0, 1, 0, 0, 0, 0, 0, 0]
postinstall
[1, 0, 1, 0, 0, 0, 0, 0, 0, 0]
dhcp
[1, 0, 1, 0, 0, 1, 0, 0, 0, 0]
system_server
[1, 1, 1, 0, 0, 1, 1, 1, 0, 1]
shell
[1, 1, 1, 1, 0, 1, 0, 0, 0, 0]
logger_app
[1, 0, 0, 1, 0, 1, 0, 0, 0, 0]
otapreopt_slot
[1, 1, 1, 0, 0, 0, 0, 0, 0, 0]
dumpstate
[1, 1, 1, 0, 0, 1, 0, 0, 0, 1]
priv_app
[1, 0, 1, 1, 0, 1, 1, 0, 0, 0]
init
[1, 1, 1, 0, 0, 0, 0, 0, 0, 0]
bluetooth
[1, 0, 1, 1, 0, 1, 0, 0, 0, 1]
radio
[1, 1, 1, 1, 0, 1, 1, 1, 0, 1]
update_engine
[1, 0, 1, 0, 0, 1, 0, 0, 0, 1]
traceur_app
[1, 0, 1, 1, 0, 0, 0, 0, 0, 0]
qcneservice
[1, 0, 1, 1, 0, 1, 0, 0, 0, 0]
hardware_info_app
[1, 0, 0, 1, 0, 0, 0, 0, 0, 0]
perfprofd
[1, 1, 1, 0, 0, 0, 0, 0, 0, 0]
perfprofd
[1, 1, 1, 0, 0, 0, 0, 0, 0, 0]
logger_app
[1, 0, 0, 1, 0, 1, 0, 0, 0, 0]
system_app
[1, 0, 1, 1, 0, 1, 0, 1, 0, 0]
shell
[1, 1, 1, 1, 0, 1, 0, 0, 0, 0]
perfprofd
[1, 1, 1, 0, 0, 0, 0, 0, 0, 0]
untrusted_app_27
[1, 0, 1, 1, 1, 1, 1, 0, 0, 0]
nfc
[1, 0, 1, 1, 0, 1, 0, 1, 0, 1]
